Home Away,Points,Goals,xG,Shots on target,Passing %,Possession %,Losses per match,Duels won %,Conceded goals,Aerial duels won per game,Forward passes %,Average passes per possession
2,0,0,0.48,2,88.79,49.48,85,43.95,5,25,78.38,5.1
1,1,3,2.94,5,84.78,44.94,88,52.26,3,47.37,78.63,3.54
2,0,0,0.07,1,86.37,51.6,90,43.59,1,42.86,76.52,5.7
1,1,2,1.02,4,79.75,27.52,92,39.62,2,47.83,71.11,3.04
1,3,3,2.17,5,85.84,55.35,75,43.68,1,57.14,75.89,4.35
2,3,2,1.33,2,86.49,50.5,91,38.04,0,39.13,78.36,3.67
1,1,3,0.98,3,87.01,67.18,106,46.26,3,41.67,80.24,5.68
2,0,1,0.62,3,86.39,34.37,80,42.72,4,33.33,76.34,4.33
1,3,2,1.02,5,88.6,50.96,74,42.94,0,40,81.13,4.71
2,1,1,1.09,5,87.15,67.62,94,54.39,1,54.55,73.53,6.24
1,0,0,0.96,1,76.66,37.58,88,53.53,4,42.86,68,2.9
2,3,3,1.48,8,88.54,54.42,83,42.33,2,38.71,84.56,4.19
1,3,4,2.59,6,91.97,60.29,67,52.13,2,53.85,87.83,5.14
2,3,2,1.21,3,86.42,52.53,89,42,1,33.33,70.37,4.18
1,0,1,3.32,8,86.63,55.06,94,35.98,2,26.47,76.74,5.06
2,3,5,2.27,9,90.98,67.47,89,52.23,0,65.22,80,6.85
1,0,1,1.31,6,87.99,64.16,108,37.43,3,28.13,77.5,5.39
2,1,0,1.18,4,85.88,69.59,100,44.92,0,32.56,77.25,4.64
1,3,3,4.55,7,87.41,64.44,76,50,2,41.38,80.53,4.75
2,0,2,2.06,3,82.58,54.52,111,43.81,3,39.29,72.46,3.88
1,1,1,1.52,4,88.27,72.22,104,46.26,1,51.28,82.98,6.27
2,3,2,2.17,5,86.59,71.61,102,50.45,1,51.52,71.76,4.45
1,3,1,1.03,4,75.7,45.07,100,45.16,0,33.33,61.21,2.93
1,3,1,2.73,7,86.15,44.85,81,53.43,0,47.62,80.77,4.53
2,1,2,1.34,4,84.05,63.77,101,43.66,2,48.78,76.26,3.63
2,3,2,1.65,5,85.75,37.81,84,42.42,1,52.38,74.6,4
1,3,3,2.05,6,86.5,54.49,90,49.49,1,57.89,74.64,4.89
2,0,0,1.49,3,89.91,73.45,78,40.81,2,50,86.83,6.34
1,3,3,3.27,6,93.2,70.88,58,45.66,1,40,81.43,7.27
1,3,4,1.67,8,87.47,58.04,83,51.92,1,52.17,79.7,5.32
2,1,1,1.99,4,82.77,54.22,81,46.84,1,17.65,72.5,3.75
1,3,6,2.37,9,80.27,38.59,84,50.97,1,46.67,68.97,3.13
2,3,1,0.93,7,84.97,48.62,97,46.7,0,45.45,75.96,3.52
1,3,3,2.87,5,88.27,67.87,103,49.31,1,57.14,83.54,5.8
2,0,0,1.09,3,84.2,38.72,71,48.34,3,38.46,70,4.27
2,3,3,2.76,5,85.95,44.91,75,50,1,38.46,75,4.62
1,3,4,2.33,7,89.38,60.32,84,44.32,0,52,86.36,5.69
2,0,1,1.86,5,84.28,48.31,96,42.13,5,37.5,77.46,4.67
